1) Age: [45 34 40 58 59 36 38 52 48 28 43 37 32 22 50 56 39 27 29 41 35 55 30 53
 76 49 47 57 51 31 46 24 42 33 25 54 71 60 26 44 66 23 78 64 61 79 21 68
 77 62 65 73 87 81 70 75 63 85 83 69 72 19 67 74 20 80 84 82 93 95 94 89
 18 86 90]

2) Job:
['blue-collar' = 4 
'admin.' = 9 
 'technician' = 7
'self-employed' = 6
 'services' = 5
 'entrepreneur' = 8 
'management' = 10 
'unemployed' = 0
 'retired' =3 
 'housemaid' = 1
 'student' = 2
 'unknown' = -1]

3) Marital:
['married' 'divorced' 'single']
[1, -1, 0]

4) Education:
['secondary' 'tertiary' 'primary' 'unknown']
[2,3,1,0]

5) default:
['no' 'yes']

6) balance:
[   2    0  311 ... 2740 8883 6963]

7) housing:
['no' 'yes']

8) loan:
['no' 'yes']

9) contact:
['cellular' 'unknown' 'telephone']
[2, 0, 1]

10) day:
[26 10  6 12 16 11 30 25 28  3 19 21 22 13 20 14 18 31  9 17  5 23 24  1
 29  7  8  4 15  2 27]


 11) month:
['aug' 'jul' 'mar' 'may' 'jun' 'jan' 'feb' 'nov' 'apr' 'sep' 'oct' 'dec']
 
12) duration:
[ 105  268  738 ... 1142 1222 1109]

13) campaign:
[10  1  2  3  5  4 21  6 20  7  8  9 14 18 39 13 12 11 33 15 31 17 25 16
 51 26 19 24 32 29 28 23 22 27 35 46 43 30 36 38 44 50 34 41 58 55]
 
14) pdays:
[ -1 245 198 364 196 356  12 200 346 151 181 367 247 119  95 298  31 240
 368  92  93 344 370 193 263 479  94  91 701 211 168 307 324 363 328 238
 360 485 362 273 286 341 329  97 336  21  90 175 258 357 197 150  96 174
 339 199 256 254 277 182 178 101 224  13 187 104 100 188  69 319 271 350
 172 292 185 171 184 281 121 183 146 332 317 371 239 242 347 190 243  60
 180 351 359 186 162 219  14 202 361  80 354 111 340 266 345  74 195 259
 155   8 149 306 349  87 127 293 112 280 165 326 369 209 275 156 148 374
 343 124 169 113 132 152 394 287 358 120 114 102 300 103 342 446  10 105
 135 179 133 170 687  86 234   7 189 122 154   2 291  70   9  98 191 261
 334 321 655 296 430 227 325 110 109 116 279 274 204 278 303 138 128  17
 248 330  88 160 145 167 176 177 252 348 192  66  85 352   5 353 331  15
 223 140 295 355 316 372 251 269 130 335 484 365 322 265 126 159 267 304
 276 264 375 225 270 147 305  99 388  67  63 323 228   1 680 213 153  28
 208 212 166 776 117 749 129  73  89 337 398 366 313 338 210 143 391  37
 215  43 301 244 123 309 108 115 216 207 262 320 131 173 503  78 299  82
 255 214 136 515 477  50 144 761  58 838 118 333 253  57  59   6 206 690
 241 491 436 314  79 595 125 139 426 250 288 221  35 106 459 272 134 194
 311 558 257  39 235 478 294 161 260 318 107 410 246  71 157 377 268 158
 282 524  55 205 302 163 439  68 201  48  81 461 490  84 285 670 297 526
  34  75 327  83 386 141 164 142 555  62 231  76 392 217 373 232  24 416
 290 229 648 289 389 547  40 420 440 310  56 433 553 233 226 469 249 550
 385 449 463 521  27 380 315 450   3 399 472 220 312  61 137  41 203 728
 387 230 508  77 413 435 284 427 808 393  29 384 531  36 236  53 504 603
 378 382 383 760 308  54 462 401 486 535 412 464 467 457 222 561 381 492
 379 543 437  64 460  38  72 589  52 390 456 626 419 578 686 455 616 529
 551 717 495 518 683 397 656 779 414   4 431 745 500  20 586 283  49 542
 791  30  18 474  65 434 667  33 481 444 854 511 651 421 237 792 532 594
 422 445 405 557 458 466 475 442 831  42 828 587 784 771 425 493 452 633
  19 541  44 514 428 476 407]

15) previous:
[  0   2   1   3   4   8   6   9   5   7  26  12  13  14  11  24  10  19
  15  55  22  17  18  27  23  38  16  30  20  37  21  32  29  28  40 275
  25  51]

16) poutcome:
['unknown' 'failure' 'other' 'success']
[-1,0,-1,1]

17) ID:
[22944 13870 19301 ...  5827 15012   965]